1 1
1 10
100 200
201 210
900 1000
250 250
9281 69409
71848 34071
74034 1853
71247 86513
39202 35880
11072 86474
54660 18939
1192 25064
2093 8141
64888 82860
58163 18597
27923 33585
7318 10067
18594 76371
25331 33988
66963 58141
69371 81299
67206 57852
96223 67310
91131 33519
97288 69709
46803 38535
82379 73623
82207 59824
39680 94389
83437 83762
82466 71803
63963 83321
34783 95439
73898 39000
92674 51166
27771 97821
59220 59926
64518 41078
79636 15179
90511 81760
6337 85391
59052 16604
6016 16729
78037 4458
71268 62802
38141 19061
91965 20109
32574 29888
80369 35211
77850 98078
29933 55357
55289 23751
92259 20369
28837 60360
49621 10672
48775 54308
74983 63888
97393 51631
30457 18488
19715 77739
36485 32597
95075 85751
54368 30679
7219 5586
10924 30634
89132 87477
31359 77661
75581 84314
65834 28213
73072 75684
80510 8112
20202 84169
92378 85393
97917 45826
19728 24400
1567 90045
62328 76762
81834 93400
31309 98717
64735 35845
45877 93803
89610 44822
28247 60910
77650 15036
36523 97594
54279 33309
72981 6099
15871 6380
74818 29244
30935 20269
7277 73590
80311 59584
40189 24501
55968 34851
13952 30125
25120 98762
83666 79005
1428 62683
98743 29466
82785 26025
32424 38987
31104 15201
98474 55603
43085 10777
49403 67689
65917 33995
46602 37430
93272 46565
42954 58945
46007 85344
96054 66681
45514 8458
88592 71005
34258 76653
556 76171
75541 8185
720 42166
77101 69567
13299 64897
66277 4004
44412 21794
60801 33661
40662 15032
30627 11804
92359 46544
68473 28630
10837 31809
15572 11238
84253 94018
29428 92758
87833 1591
63588 49451
15155 6439
7582 62336
34877 4714
91727 8692
95028 11490
83475 77056
82763 67030
52925 43186
46988 51071
14996 50702
79749 35405
86553 52912
51221 53804
69750 52982
67070 4865
69157 34835
34357 58298
70462 38097
70095 89649
53570 40013
7887 1493
95602 6623
62609 69093
87603 95864
35234 89944
69169 28665
63353 80043
59692 86049
87423 2664
6564 56352
1209 90449
98472 53325
16465 97471
17987 63989
16739 67020
97689 76197
2863 17661
99353 36222
59584 90075
55806 34070
92097 45094
77691 47977
3542 29599
21149 51317
30985 31431
25128 5937
46114 96827
85627 75044
39002 36147
28935 81491
8038 50412
62370 19478
26064 2357
20722 8711
95408 78308
33012 43346
58884 76395
92375 51087
47795 75886
5698 40177
31066 27391
20768 30374
88032 63953
48732 20263
71430 68879
49173 69472
46415 427
7311 62698
88603 48550
21110 77736
85973 2846
2712 47986
15720 73072
2213 73335
51238 55794
54620 15600
40589 36613
11940 99311
57223 90185
85002 17843
32798 72596
50139 64235
65633 28614
19647 43669
21872 94362
24320 4860
85185 44536
95430 86878
74930 54593
72029 10809
29184 55653
20 33101
46186 72132
52160 18784
75338 59998
74783 42727
51662 13055
57521 6392
96517 89725
42189 34212
42374 38694
61607 29666
13007 48788
96381 37367
99535 89440
23472 30398
87169 36056
2108 10577
88116 12141
57956 70119
45725 28095
73899 70192
57109 32654
39546 40606
90838 64857
12342 85524
2033 65926
36640 29028
93501 48443
57551 37142
27398 26824
88915 56801
11222 18638
97204 46639
97507 39413
57718 36046
29333 9429
92537 81347
63946 93544
54882 24869
87682 75308
77058 38095
61210 60536
49264 69497
86564 1366
4346 54802
27829 5076
5062 73291
20988 9082
90845 24339
66687 93303
39330 50858
50967 84310
96881 6482
27116 26189
95332 4637
65727 8740
47505 60265
71731 26025
89230 76592
38558 22720
61118 19801
6333 57493
70333 64334
46334 29747
60229 7630
76481 35640
13423 69686
15603 7813
77443 68560
6014 95260
56462 4986
38342 98160
34252 92927
84922 33797
60784 50602
18728 75032
84125 76123
17082 2292
31871 85656
67797 74616
13499 5359
52938 46987
70819 33544
31098 29820
55500 88979
45638 29080
83404 32325
8937 19207
4043 12169
35805 14604
62061 5580
38576 27471
96737 5345
84282 15071
28889 18029
71523 48607
43871 69458
74976 98891
9201 9333
26812 95908
58908 61336
68469 29259
15406 81743
48379 50012
54320 47030
32064 71041
16102 32840
77056 64486
78955 82822
21721 36886
57874 62670
52060 77819
55758 18643
15356 60319
16330 12103
82996 83490
8363 58907
67488 94440
48051 57386
75711 44975
69604 53077
62576 94188
72545 4182
81625 72563
20761 30392
96319 51566
43257 80046
66237 68879
86565 83560
35838 65146
41682 51388
13497 38377
30512 14106
275 48086
64792 89152
80811 36859
49936 72315
32051 93603
35585 75068
16436 7790
46244 90915
77796 87
60682 23557
93160 14086
40361 55902
11826 65192
85856 23937
85044 12316
53418 83897
48062 35117
67984 71707
40035 49312
75215 26267
83442 53586
14059 8827
45220 2519
17095 15361
86749 3399
47999 34907
64397 16687
71657 87967
65332 23888
91426 41362
94439 68357
66172 19750
24494 87011
22857 24172
90421 62719
3860 11099
25933 4008
10416 82798
77803 30028
99583 88563
57680 55489
32704 93439
30216 73442
73836 39954
66808 62146
89593 46807
73054 43442
92398 11792
57376 65684
53109 44141
61034 1209
44292 94464
39993 97939
27645 89183
48765 32016
13903 39870
33593 37105
68946 85351
48694 41330
9232 44871
32324 34286
64004 26791
5768 68924
88348 48987
90389 37744
8162 95585
75910 21986
18111 65048
55193 37769
19283 91445
73208 26942
47103 87663
47302 12950
50398 35153
78749 37135
50797 78489
29482 48129
96314 61320
48575 47737
71883 31269
72227 70874
16766 16908
7737 8641
99604 40896
52610 13275
66194 26721
52078 67616
65220 68816
10172 53094
3279 57254
21179 55293
6470 1854
38134 30721
24561 326
35962 48593
94795 43994
83966 19707
89482 67076
55197 99439
19537 79344
60572 20789
39829 64849
67602 31095
986 9533
66913 62649
55461 35871
62352 37479
99807 76037
16014 24641
7955 60113
70439 65858
46789 6087
4968 94430
18747 96328
69613 36879
1429 55480
9329 80197
33610 50690
62484 28142
97164 56329
37138 92431
99508 60134
69244 10312
38547 10736
98749 14596
90417 61835
32180 64752
9288 34587
61457 2082
27805 50033
98614 98097
89454 37918
17699 70239
13653 8550
65878 83073
40373 82332
84453 95009
26435 50641
92298 93496
1634 29145
78452 79057
22896 23686
16649 48429
32995 95251
85117 15872
27053 37441
31339 69077
47983 30674
94320 68104
35184 60866
43093 78587
31240 14147
4450 43865
45713 1570
74995 57608
60752 49490
31744 56339
82886 13205
27199 64448
88994 72008
3621 51862
51068 16683
71486 76408
71996 22331
13494 31963
7683 48020
24804 68894
63985 31239
83414 11315
11900 38866
838 22674
84082 28619
72252 62148
59158 95392
23659 88388
42558 11765
48354 17294
132 74282
65040 77752
20617 72940
91036 41650
64208 45191
55310 26513
4189 53804
10712 14853
29675 71930
88467 10748
93407 57802
69532 3785
1335 60974
57752 62200
84595 41887
97099 35221
2012 90227
46686 19261
22795 62730
58564 52384
27318 59744
14156 17867
84384 53071
66447 14845
88142 33113
53033 99224
16408 79050
50643 71158
8019 19219
33740 30065
79645 67203
14653 57559
9329 19738
72567 25888
58586 60329
45643 26873
77105 34220
73198 75335
97207 44856
78986 57701
39926 20162
49403 44594
74549 38198
31626 44937
97431 98456
78740 56368
97092 22748
57021 42393
54519 71983
86671 57712
81416 49297
13834 16465
98731 6047
4801 2911
36761 59038
10788 54656
43367 13424
3613 55896
14760 8948
21632 47652
14968 78989
48656 46920
94015 14938
73921 46376
77887 93709
68891 91991
31445 90873
40376 61449
91493 997
8478 74983
24682 64420
1572 57002
56369 75828
20034 19116
12855 18525
69715 64461
91436 62229
81043 77459
71446 92916
77103 70766
44095 35879
37668 17086
68714 18474
76215 66027
32803 89817
1326 93691
90839 80846
78333 19519
38566 30845
81367 93867
98150 21156
33760 14751
75793 75054
78726 99667
10085 75794
85043 92509
47699 55301
68283 76721
98101 42436
3886 67198
65450 5475
46297 91982
77635 6097
39839 95866
52447 16051
75295 29743
23857 46983
47726 91498
79071 13537
3413 18500
2572 92628
96070 81855
80692 13238
91176 39448
65959 18158
21394 53510
87571 21867
69364 1031
67837 37458
37232 52668
61410 55938
11209 51505
83717 8367
56229 72233
25456 49828
81378 94864
75390 4175
45175 6543
118 62343
10088 15930
26809 74492
70374 9071
73240 26703
76854 87898
4560 94876
53670 57172
14985 52673
87488 29808
49111 7532
3603 82964
73296 38959
67670 33082
3519 53354
22081 62170
78077 67026
95075 3823
27436 99182
23075 41882
11113 83032
32532 64583
34640 73491
22608 3712
32334 38875
6691 87566
62683 47541
29304 67008
30448 62440
24968 70988
46535 46671
2895 6744
62549 79794
4503 98888
78860 70252
18073 58315
44827 1466
28949 69038
91101 50183
76236 43421
36864 88947
31206 7087
99780 94304
25618 20485
61374 26509
88198 73691
70099 80455
42494 91993
81788 39686
78130 8707
71190 53593
82738 70596
22417 59675
54189 52040
91299 23608
58558 93152
63549 80220
69058 44050
75659 95398
87844 69668
85501 87365
63847 95787
72124 2031
19559 41882
39543 20360
56435 8726
23200 89675
29245 67956
84015 16741
57367 29695
11291 67386
84879 80765
758 67332
56939 24889
12626 39488
82651 62423
12423 49738
96589 7876
91557 1724
96775 73317
95339 88997
77380 13699
88934 57691
27450 51863
4039 15416
56050 59429
37202 16062
48958 62998
5315 64950
53218 75085
95497 79459
31976 22512
4139 93152
46524 96371
77288 68904
97572 65156
48860 32772
10525 68274
88277 64187
80969 1761
59570 5911
39108 47020
1453 46960
35688 36618
84419 95602
61704 47285
76387 41003
90704 13455
23997 65120
32489 99534
73387 16096
26255 13079
33946 82620
22664 65733
85082 4259
48191 35778
43798 63960
89884 81467
6045 20005
40113 63462
5998 32554
71463 52965
13975 35942
53554 28452
61431 92989
40337 192
98112 77350
18496 37562
51058 77331
97692 39763
24939 94004
67247 79850
26627 42726
50806 44512
39416 26014
8094 6855
45161 41259
29513 52415
44351 47649
79948 82985
61639 2661
46620 94702
12675 88751
76923 3657
41731 25212
12422 22289
68127 31973
73915 68446
21604 46627
68579 22450
95609 19521
85693 11847
93579 72697
93230 53922
54561 72483
8842 94987
72652 49003
55784 54116
71997 3551
60234 29474
15756 961
10330 76057
9413 52923
72069 79671
53371 55152
70490 58074
58703 47606
40454 88807
30550 43193
62740 19171
87948 96294
73623 40331
33172 92813
63329 6751
96568 94009
20481 83269
66946 12424
63462 74175
27560 98620
71161 83949
38878 61948
61613 84476
29458 54050
65831 34358
75686 90970
12458 89991
32171 49644
22393 63015
35564 34242
85064 12921
2928 4268
56535 90916
65554 71143
37668 29532
6774 39496
29361 24748
58664 65535
92215 68019
92340 5669
88246 41608
77246 25255
83681 5746
86558 27464
5087 55151
42539 12052
90401 76509
92321 84649
99928 84703
67249 74480
63398 43401
10801 26714
58670 93012
82414 34787
79137 31470
86757 77586
11987 8321
37381 1239
16192 31545
65414 37647
94958 31933
99707 91101
94800 82231
3306 95768
55523 46631
81581 15474
85107 67208
57130 30073
99129 351
41711 58777
99158 12766
15727 1405
94623 47464
98957 20747
72965 12964
87687 92975
47389 84579
44863 50647
97979 45178
82454 133
95791 79839
3793 97954
65535 69036
81139 39260
2341 11677
49733 13850
56134 17810
60452 23640
7710 72151
70907 55234
99593 84240
83293 24256
35880 95656
56130 99179
74193 88067
99185 59933
46750 97150
37694 65035
62229 16087
14986 89416
60462 94837
87234 28962
39528 51862
7025 957
28921 86062
40823 70662
32453 51962
69260 59974
7666 55688
81826 85648
24737 61924
64531 52395
32885 45232
68064 9143
69904 50641
78466 7328
32248 76689
98952 42005
52479 38160
19541 3075
39587 72393
18411 69298
4387 49019
44055 44572
93033 69098
65420 34325
72121 39459
71627 34894
78144 23477
89452 24451
44336 10389
65241 77336
13636 8048
97128 21557
9379 77995
9489 47129
37008 33442
42651 15466
31366 87294
73580 53917
88736 43682
66447 22679
53844 76512
8987 45669
15514 25277
1827 27437
63513 37555
91733 5925
78439 24399
39695 14022
77414 65429
91758 52059
49058 78511
32047 58684
98793 18359
56044 55192
71535 59644
30577 29325
78773 35763
41025 59294
56343 33212
68154 12154
76948 70364
40505 35633
86009 31422
92644 6665
31840 73730
84811 35666
3216 38554
58986 91509
46644 78068
23432 21850
46931 55151
58984 24317
17523 75832
19504 15565
10690 37305
999999 999999
