1 1 1
1 10 20
100 200 125
201 210 89
900 1000 174
250 250 110
9281 69409 340
71848 34071 340
74034 1853 340
71247 86513 351
39202 35880 306
11072 86474 351
54660 18939 340
1192 25064 282
2093 8141 262
64888 82860 351
58163 18597 340
27923 33585 285
7318 10067 260
18594 76371 340
25331 33988 308
66963 58141 335
69371 81299 351
67206 57852 335
96223 67310 351
91131 33519 351
97288 69709 351
46803 38535 314
82379 73623 351
82207 59824 351
39680 94389 351
83437 83762 289
82466 71803 351
63963 83321 351
34783 95439 351
73898 39000 340
92674 51166 351
27771 97821 351
59220 59926 304
64518 41078 340
79636 15179 351
90511 81760 333
6337 85391 351
59052 16604 340
6016 16729 276
78037 4458 351
71268 62802 330
38141 19061 324
91965 20109 351
32574 29888 285
80369 35211 351
77850 98078 338
29933 55357 340
55289 23751 340
92259 20369 351
28837 60360 340
49621 10672 324
48775 54308 340
74983 63888 325
97393 51631 351
30457 18488 308
19715 77739 351
36485 32597 324
95075 85751 333
54368 30679 340
7219 5586 262
10924 30634 308
89132 87477 333
31359 77661 351
75581 84314 351
65834 28213 340
73072 75684 325
80510 8112 351
20202 84169 351
92378 85393 333
97917 45826 351
19728 24400 282
1567 90045 351
62328 76762 330
81834 93400 333
31309 98717 351
64735 35845 340
45877 93803 351
89610 44822 351
28247 60910 340
77650 15036 351
36523 97594 351
54279 33309 340
72981 6099 340
15871 6380 276
74818 29244 340
30935 20269 308
7277 73590 340
80311 59584 351
40189 24501 324
55968 34851 340
13952 30125 308
25120 98762 351
83666 79005 320
1428 62683 340
98743 29466 351
82785 26025 351
32424 38987 324
31104 15201 308
98474 55603 351
43085 10777 324
49403 67689 340
65917 33995 340
46602 37430 314
93272 46565 351
42954 58945 340
46007 85344 351
96054 66681 351
45514 8458 324
88592 71005 351
34258 76653 340
556 76171 340
75541 8185 340
720 42166 324
77101 69567 351
13299 64897 340
66277 4004 340
44412 21794 324
60801 33661 340
40662 15032 324
30627 11804 308
92359 46544 351
68473 28630 340
10837 31809 308
15572 11238 276
84253 94018 333
29428 92758 351
87833 1591 351
63588 49451 340
15155 6439 276
7582 62336 340
34877 4714 311
91727 8692 351
95028 11490 351
83475 77056 338
82763 67030 351
52925 43186 340
46988 51071 314
14996 50702 324
79749 35405 351
86553 52912 351
51221 53804 340
69750 52982 335
67070 4865 340
69157 34835 340
34357 58298 340
70462 38097 340
70095 89649 351
53570 40013 340
7887 1493 262
95602 6623 351
62609 69093 330
87603 95864 333
35234 89944 351
69169 28665 340
63353 80043 351
59692 86049 351
87423 2664 351
6564 56352 340
1209 90449 351
98472 53325 351
16465 97471 351
17987 63989 340
16739 67020 340
97689 76197 351
2863 17661 279
99353 36222 351
59584 90075 351
55806 34070 340
92097 45094 351
77691 47977 351
3542 29599 308
21149 51317 324
30985 31431 285
25128 5937 282
46114 96827 351
85627 75044 351
39002 36147 306
28935 81491 351
8038 50412 324
62370 19478 340
26064 2357 282
20722 8711 279
95408 78308 338
33012 43346 324
58884 76395 335
92375 51087 351
47795 75886 340
5698 40177 324
31066 27391 272
20768 30374 308
88032 63953 351
48732 20263 324
71430 68879 325
49173 69472 340
46415 427 324
7311 62698 340
88603 48550 351
21110 77736 351
85973 2846 351
2712 47986 324
15720 73072 340
2213 73335 340
51238 55794 340
54620 15600 340
40589 36613 306
11940 99311 351
57223 90185 351
85002 17843 351
32798 72596 340
50139 64235 340
65633 28614 340
19647 43669 324
21872 94362 351
24320 4860 282
85185 44536 351
95430 86878 333
74930 54593 335
72029 10809 340
29184 55653 340
20 33101 308
46186 72132 340
52160 18784 324
75338 59998 335
74783 42727 340
51662 13055 324
57521 6392 340
96517 89725 333
42189 34212 324
42374 38694 306
61607 29666 340
13007 48788 324
96381 37367 351
99535 89440 333
23472 30398 308
87169 36056 351
2108 10577 262
88116 12141 351
57956 70119 335
45725 28095 324
73899 70192 325
57109 32654 340
39546 40606 306
90838 64857 351
12342 85524 351
2033 65926 340
36640 29028 324
93501 48443 351
57551 37142 340
27398 26824 259
88915 56801 351
11222 18638 279
97204 46639 351
97507 39413 351
57718 36046 340
29333 9429 308
92537 81347 333
63946 93544 351
54882 24869 340
87682 75308 351
77058 38095 351
61210 60536 335
49264 69497 340
86564 1366 351
4346 54802 340
27829 5076 308
5062 73291 340
20988 9082 279
90845 24339 351
66687 93303 351
39330 50858 314
50967 84310 351
96881 6482 351
27116 26189 308
95332 4637 351
65727 8740 340
47505 60265 340
71731 26025 340
89230 76592 351
38558 22720 324
61118 19801 340
6333 57493 340
70333 64334 312
46334 29747 324
60229 7630 340
76481 35640 340
13423 69686 340
15603 7813 276
77443 68560 351
6014 95260 351
56462 4986 340
38342 98160 351
34252 92927 351
84922 33797 351
60784 50602 340
18728 75032 340
84125 76123 351
17082 2292 276
31871 85656 351
67797 74616 325
13499 5359 276
52938 46987 340
70819 33544 340
31098 29820 272
55500 88979 351
45638 29080 324
83404 32325 351
8937 19207 279
4043 12169 268
35805 14604 324
62061 5580 340
38576 27471 324
96737 5345 351
84282 15071 351
28889 18029 308
71523 48607 340
43871 69458 340
74976 98891 351
9201 9333 260
26812 95908 351
58908 61336 335
68469 29259 340
15406 81743 351
48379 50012 296
54320 47030 340
32064 71041 340
16102 32840 308
77056 64486 351
78955 82822 320
21721 36886 324
57874 62670 335
52060 77819 351
55758 18643 340
15356 60319 340
16330 12103 276
82996 83490 258
8363 58907 340
67488 94440 351
48051 57386 340
75711 44975 340
69604 53077 335
62576 94188 351
72545 4182 340
81625 72563 351
20761 30392 308
96319 51566 351
43257 80046 351
66237 68879 312
86565 83560 320
35838 65146 340
41682 51388 314
13497 38377 324
30512 14106 308
275 48086 324
64792 89152 351
80811 36859 351
49936 72315 340
32051 93603 351
35585 75068 340
16436 7790 276
46244 90915 351
77796 87 351
60682 23557 340
93160 14086 351
40361 55902 340
11826 65192 340
85856 23937 351
85044 12316 351
53418 83897 351
48062 35117 324
67984 71707 325
40035 49312 314
75215 26267 340
83442 53586 351
14059 8827 276
45220 2519 324
17095 15361 266
86749 3399 351
47999 34907 324
64397 16687 340
71657 87967 351
65332 23888 340
91426 41362 351
94439 68357 351
66172 19750 340
24494 87011 351
22857 24172 282
90421 62719 351
3860 11099 268
25933 4008 282
10416 82798 351
77803 30028 351
99583 88563 333
57680 55489 322
32704 93439 351
30216 73442 340
73836 39954 340
66808 62146 330
89593 46807 351
73054 43442 340
92398 11792 351
57376 65684 335
53109 44141 340
61034 1209 340
44292 94464 351
39993 97939 351
27645 89183 351
48765 32016 324
13903 39870 324
33593 37105 324
68946 85351 351
48694 41330 314
9232 44871 324
32324 34286 311
64004 26791 340
5768 68924 340
88348 48987 351
90389 37744 351
8162 95585 351
75910 21986 340
18111 65048 340
55193 37769 340
19283 91445 351
73208 26942 340
47103 87663 351
47302 12950 324
50398 35153 324
78749 37135 351
50797 78489 351
29482 48129 324
96314 61320 351
48575 47737 252
71883 31269 340
72227 70874 325
16766 16908 266
7737 8641 252
99604 40896 351
52610 13275 340
66194 26721 340
52078 67616 340
65220 68816 312
10172 53094 340
3279 57254 340
21179 55293 340
6470 1854 262
38134 30721 324
24561 326 282
35962 48593 314
94795 43994 351
83966 19707 351
89482 67076 351
55197 99439 351
19537 79344 351
60572 20789 340
39829 64849 340
67602 31095 340
986 9533 262
66913 62649 330
55461 35871 340
62352 37479 340
99807 76037 351
16014 24641 282
7955 60113 340
70439 65858 312
46789 6087 324
4968 94430 351
18747 96328 351
69613 36879 340
1429 55480 340
9329 80197 351
33610 50690 324
62484 28142 340
97164 56329 351
37138 92431 351
99508 60134 351
69244 10312 340
38547 10736 324
98749 14596 351
90417 61835 351
32180 64752 340
9288 34587 311
61457 2082 340
27805 50033 324
98614 98097 266
89454 37918 351
17699 70239 340
13653 8550 276
65878 83073 351
40373 82332 351
84453 95009 333
26435 50641 324
92298 93496 315
1634 29145 308
78452 79057 338
22896 23686 282
16649 48429 324
32995 95251 351
85117 15872 351
27053 37441 324
31339 69077 340
47983 30674 324
94320 68104 351
35184 60866 340
43093 78587 351
31240 14147 308
4450 43865 324
45713 1570 324
74995 57608 335
60752 49490 340
31744 56339 340
82886 13205 351
27199 64448 340
88994 72008 351
3621 51862 324
51068 16683 324
71486 76408 325
71996 22331 340
13494 31963 308
7683 48020 324
24804 68894 340
63985 31239 340
83414 11315 351
11900 38866 324
838 22674 279
84082 28619 351
72252 62148 330
59158 95392 351
23659 88388 351
42558 11765 324
48354 17294 324
132 74282 340
65040 77752 351
20617 72940 340
91036 41650 351
64208 45191 340
55310 26513 340
4189 53804 340
10712 14853 276
29675 71930 340
88467 10748 351
93407 57802 351
69532 3785 340
1335 60974 340
57752 62200 335
84595 41887 351
97099 35221 351
2012 90227 351
46686 19261 324
22795 62730 340
58564 52384 340
27318 59744 340
14156 17867 279
84384 53071 351
66447 14845 340
88142 33113 351
53033 99224 351
16408 79050 351
50643 71158 340
8019 19219 279
33740 30065 285
79645 67203 351
14653 57559 340
9329 19738 279
72567 25888 340
58586 60329 317
45643 26873 324
77105 34220 351
73198 75335 325
97207 44856 351
78986 57701 351
39926 20162 324
49403 44594 314
74549 38198 340
31626 44937 324
97431 98456 297
78740 56368 351
97092 22748 351
57021 42393 340
54519 71983 335
86671 57712 351
81416 49297 351
13834 16465 271
98731 6047 351
4801 2911 238
36761 59038 340
10788 54656 340
43367 13424 324
3613 55896 340
14760 8948 276
21632 47652 324
14968 78989 351
48656 46920 314
94015 14938 351
73921 46376 340
77887 93709 338
68891 91991 351
31445 90873 351
40376 61449 340
91493 997 351
8478 74983 340
24682 64420 340
1572 57002 340
56369 75828 335
20034 19116 274
12855 18525 279
69715 64461 312
91436 62229 351
81043 77459 338
71446 92916 351
77103 70766 351
44095 35879 306
37668 17086 324
68714 18474 340
76215 66027 325
32803 89817 351
1326 93691 351
90839 80846 333
78333 19519 351
38566 30845 324
81367 93867 333
98150 21156 351
33760 14751 308
75793 75054 263
78726 99667 338
10085 75794 340
85043 92509 333
47699 55301 340
68283 76721 325
98101 42436 351
3886 67198 340
65450 5475 340
46297 91982 351
77635 6097 351
39839 95866 351
52447 16051 324
75295 29743 340
23857 46983 324
47726 91498 351
79071 13537 351
3413 18500 279
2572 92628 351
96070 81855 333
80692 13238 351
91176 39448 351
65959 18158 340
21394 53510 340
87571 21867 351
69364 1031 340
67837 37458 340
37232 52668 340
61410 55938 335
11209 51505 324
83717 8367 351
56229 72233 335
25456 49828 324
81378 94864 333
75390 4175 340
45175 6543 324
118 62343 340
10088 15930 276
26809 74492 340
70374 9071 340
73240 26703 340
76854 87898 351
4560 94876 351
53670 57172 322
14985 52673 340
87488 29808 351
49111 7532 324
3603 82964 351
73296 38959 340
67670 33082 340
3519 53354 340
22081 62170 340
78077 67026 351
95075 3823 351
27436 99182 351
23075 41882 324
11113 83032 351
32532 64583 340
34640 73491 340
22608 3712 279
32334 38875 324
6691 87566 351
62683 47541 340
29304 67008 340
30448 62440 340
24968 70988 340
46535 46671 252
2895 6744 262
62549 79794 351
4503 98888 351
78860 70252 351
18073 58315 340
44827 1466 324
28949 69038 340
91101 50183 351
76236 43421 340
36864 88947 351
31206 7087 308
99780 94304 328
25618 20485 282
61374 26509 340
88198 73691 351
70099 80455 351
42494 91993 351
81788 39686 351
78130 8707 351
71190 53593 335
82738 70596 351
22417 59675 340
54189 52040 340
91299 23608 351
58558 93152 351
63549 80220 351
69058 44050 340
75659 95398 351
87844 69668 351
85501 87365 333
63847 95787 351
72124 2031 340
19559 41882 324
39543 20360 324
56435 8726 340
23200 89675 351
29245 67956 340
84015 16741 351
57367 29695 340
11291 67386 340
84879 80765 320
758 67332 340
56939 24889 340
12626 39488 324
82651 62423 351
12423 49738 324
96589 7876 351
91557 1724 351
96775 73317 351
95339 88997 333
77380 13699 351
88934 57691 351
27450 51863 324
4039 15416 276
56050 59429 322
37202 16062 324
48958 62998 340
5315 64950 340
53218 75085 335
95497 79459 333
31976 22512 308
4139 93152 351
46524 96371 351
77288 68904 351
97572 65156 351
48860 32772 324
10525 68274 340
88277 64187 351
80969 1761 351
59570 5911 340
39108 47020 314
1453 46960 324
35688 36618 249
84419 95602 333
61704 47285 340
76387 41003 340
90704 13455 351
23997 65120 340
32489 99534 351
73387 16096 340
26255 13079 282
33946 82620 351
22664 65733 340
85082 4259 351
48191 35778 314
43798 63960 340
89884 81467 333
6045 20005 279
40113 63462 340
5998 32554 308
71463 52965 335
13975 35942 324
53554 28452 340
61431 92989 351
40337 192 324
98112 77350 338
18496 37562 324
51058 77331 351
97692 39763 351
24939 94004 351
67247 79850 351
26627 42726 324
50806 44512 314
39416 26014 324
8094 6855 257
45161 41259 314
29513 52415 324
44351 47649 314
79948 82985 320
61639 2661 340
46620 94702 351
12675 88751 351
76923 3657 340
41731 25212 324
12422 22289 279
68127 31973 340
73915 68446 325
21604 46627 324
68579 22450 340
95609 19521 351
85693 11847 351
93579 72697 351
93230 53922 351
54561 72483 335
8842 94987 351
72652 49003 340
55784 54116 260
71997 3551 340
60234 29474 340
15756 961 276
10330 76057 340
9413 52923 340
72069 79671 351
53371 55152 322
70490 58074 335
58703 47606 340
40454 88807 351
30550 43193 324
62740 19171 340
87948 96294 333
73623 40331 340
33172 92813 351
63329 6751 340
96568 94009 328
20481 83269 351
66946 12424 340
63462 74175 325
27560 98620 351
71161 83949 351
38878 61948 340
61613 84476 351
29458 54050 340
65831 34358 340
75686 90970 351
12458 89991 351
32171 49644 324
22393 63015 340
35564 34242 311
85064 12921 351
2928 4268 238
56535 90916 351
65554 71143 312
37668 29532 324
6774 39496 324
29361 24748 308
58664 65535 335
92215 68019 351
92340 5669 351
88246 41608 351
77246 25255 351
83681 5746 351
86558 27464 351
5087 55151 340
42539 12052 324
90401 76509 351
92321 84649 333
99928 84703 333
67249 74480 325
63398 43401 340
10801 26714 308
58670 93012 351
82414 34787 351
79137 31470 351
86757 77586 338
11987 8321 268
37381 1239 324
16192 31545 308
65414 37647 340
94958 31933 351
99707 91101 333
94800 82231 333
3306 95768 351
55523 46631 340
81581 15474 351
85107 67208 351
57130 30073 340
99129 351 351
41711 58777 340
99158 12766 351
15727 1405 276
94623 47464 351
98957 20747 351
72965 12964 340
87687 92975 333
47389 84579 351
44863 50647 314
97979 45178 351
82454 133 351
95791 79839 333
3793 97954 351
65535 69036 312
81139 39260 351
2341 11677 268
49733 13850 324
56134 17810 340
60452 23640 340
7710 72151 340
70907 55234 335
99593 84240 333
83293 24256 351
35880 95656 351
56130 99179 351
74193 88067 351
99185 59933 351
46750 97150 351
37694 65035 340
62229 16087 340
14986 89416 351
60462 94837 351
87234 28962 351
39528 51862 314
7025 957 262
28921 86062 351
40823 70662 340
32453 51962 324
69260 59974 335
7666 55688 340
81826 85648 320
24737 61924 340
64531 52395 340
32885 45232 324
68064 9143 340
69904 50641 340
78466 7328 351
32248 76689 340
98952 42005 351
52479 38160 314
19541 3075 279
39587 72393 340
18411 69298 340
4387 49019 324
44055 44572 270
93033 69098 351
65420 34325 340
72121 39459 340
71627 34894 340
78144 23477 351
89452 24451 351
44336 10389 324
65241 77336 351
13636 8048 276
97128 21557 351
9379 77995 351
9489 47129 324
37008 33442 324
42651 15466 324
31366 87294 351
73580 53917 335
88736 43682 351
66447 22679 340
53844 76512 335
8987 45669 324
15514 25277 282
1827 27437 308
63513 37555 340
91733 5925 351
78439 24399 351
39695 14022 324
77414 65429 351
91758 52059 351
49058 78511 351
32047 58684 340
98793 18359 351
56044 55192 260
71535 59644 335
30577 29325 272
78773 35763 351
41025 59294 340
56343 33212 340
68154 12154 340
76948 70364 325
40505 35633 324
86009 31422 351
92644 6665 351
31840 73730 340
84811 35666 351
3216 38554 324
58986 91509 351
46644 78068 351
23432 21850 269
46931 55151 340
58984 24317 340
17523 75832 340
19504 15565 279
10690 37305 324
999999 999999 259
