468 737 171
443 357 134
235 167 128
14 956 179
333 397 126
917 679 179
917 179 179
271 273 43
387 918 179
623 880 179
780 4 171
107 755 171
642 101 144
543 264 144
359 10 144
928 108 179
21 809 171
255 388 144
895 403 179
808 572 171
814 566 171
150 557 144
223 446 144
598 814 171
842 785 135
940 591 179
989 77 179
707 143 171
938 180 179
263 701 145
557 850 171
703 539 145
347 748 171
487 139 144
311 889 179
788 629 171
555 121 144
243 304 123
980 946 143
64 374 144
713 547 171
80 741 171
28 612 144
844 521 171
520 998 179
433 33 144
559 409 142
473 68 144
867 156 171
125 968 179
365 787 171
636 195 144
86 222 125
552 824 171
177 854 171
717 478 171
884 416 179
624 660 145
426 514 142
847 425 171
795 98 171
926 255 179
811 992 179
978 692 179
37 262 128
774 177 171
719 778 153
514 158 144
916 495 179
956 392 179
408 54 144
688 99 145
779 610 171
236 79 128
609 612 132
150 551 144
798 215 171
241 298 123
971 872 174
205 839 171
690 843 171
493 720 171
316 481 144
173 507 144
527 357 142
654 969 179
590 826 171
238 264 123
728 519 171
546 479 142
374 642 142
262 841 171
267 486 144
963 817 179
83 956 179
203 998 179
856 191 171
607 91 144
144 92 122
600 40 144
756 148 171
800 759 153
238 944 179
186 53 125
850 99 171
927 324 179
795 947 179
383 514 142
513 772 171
231 344 144
959 337 179
696 583 145
653 983 179
973 916 174
28 797 171
911 707 179
283 879 179
356 676 145
164 989 179
444 588 142
432 551 142
310 392 144
102 327 131
127 144 122
925 959 174
644 124 144
627 481 142
838 328 171
589 42 144
278 337 144
651 381 145
310 780 171
416 777 171
229 202 115
805 725 153
475 982 179
195 77 125
506 820 171
569 424 142
17 501 144
156 98 122
166 48 122
246 970 179
773 644 171
879 814 179
44 557 144
361 530 142
909 627 179
442 238 144
728 787 153
463 875 179
308 931 179
824 507 171
767 968 179
704 924 179
342 718 171
319 218 131
610 90 144
190 89 125
539 607 137
981 416 179
787 247 171
312 693 145
693 653 145
360 889 179
981 47 179
595 107 144
347 206 144
324 774 171
172 682 145
290 86 128
34 305 128
820 784 135
324 398 144
23 623 144
19 815 171
1000 366 179
580 866 171
685 819 171
838 988 179
79 758 171
920 199 179
45 403 144
400 632 142
897 111 179
788 988 179
612 387 142
973 109 179
441 471 129
549 735 171
820 956 179
957 635 179
120 571 144
554 363 142
703 536 145
730 191 171
757 989 179
404 259 144
448 964 179
506 975 179
435 370 134
8 732 171
938 921 174
912 846 179
674 21 145
785 961 179
997 884 174
29 92 116
398 79 144
521 238 144
197 642 144
330 578 142
280 409 144
213 899 179
312 976 179
674 242 145
709 14 171
215 134 125
916 383 179
371 744 171
996 8 179
963 392 179
510 231 144
123 348 144
90 572 144
606 227 144
874 340 179
815 416 171
825 855 135
568 853 171
672 305 145
543 452 142
813 474 171
994 992 112
658 299 145
716 214 171
626 595 132
715 468 171
312 722 171
783 263 171
882 88 179
196 401 144
116 327 131
341 219 144
559 768 171
969 372 179
656 808 171
234 425 144
554 834 171
444 47 144
958 511 179
734 319 171
486 401 134
730 121 171
91 826 171
865 45 171
986 866 179
128 211 125
878 928 148
242 757 171
262 99 128
527 672 145
550 451 142
325 391 144
365 68 144
365 967 179
935 984 174
611 145 144
93 415 144
87 834 171
440 196 144
469 513 142
193 789 171
835 585 171
794 769 153
529 935 179
852 259 171
20 347 144
158 475 144
1 500 144
454 359 134
218 242 128
698 977 179
96 183 125
701 286 145
704 418 171
637 398 142
218 817 171
765 952 179
75 127 119
72 281 128
715 637 171
51 186 125
494 1 144
573 848 171
270 38 128
220 206 115
972 775 179
901 796 179
61 942 179
92 28 116
12 901 179
357 347 126
154 19 122
421 209 144
441 575 142
427 721 171
960 924 174
324 757 171
735 86 171
401 3 144
145 748 171
774 176 171
262 800 171
115 727 171
872 471 179
61 699 145
237 821 171
554 25 144
845 314 171
447 752 171
384 437 134
651 250 145
760 518 171
40 113 119
280 76 128
982 634 179
178 917 179
759 225 171
118 785 171
4 94 116
622 919 179
19 567 144
918 22 179
514 965 179
823 523 171
262 171 128
252 580 144
51 399 144
693 853 171
315 887 179
661 209 145
701 593 145
224 306 128
346 556 142
975 832 179
150 775 171
670 329 145
107 237 128
676 739 171
548 685 145
126 792 171
455 530 142
588 993 179
528 833 171
938 826 179
521 225 144
510 98 144
280 232 128
49 200 125
173 669 145
156 978 179
148 553 144
703 386 145
129 375 144
749 464 171
189 236 128
440 116 144
727 917 179
892 290 179
369 67 144
189 858 171
750 622 171
350 1 144
561 275 144
286 272 105
172 892 179
331 946 179
599 252 144
409 203 144
736 692 171
544 25 144
57 61 33
214 941 179
146 381 144
889 486 179
720 507 171
363 890 179
356 494 142
914 250 179
71 398 144
440 218 144
102 302 128
516 848 171
576 725 171
347 117 144
283 924 179
912 316 179
680 179 145
54 471 144
692 304 145
231 412 144
484 284 144
170 335 144
594 325 144
260 864 171
527 12 144
228 364 144
27 938 179
870 608 171
141 439 144
671 582 145
750 198 171
901 624 179
774 856 153
387 356 121
506 756 171
969 642 179
723 508 171
298 594 144
117 880 179
590 704 171
507 545 137
640 706 171
795 351 171
812 728 153
925 429 179
53 281 128
938 475 179
404 356 121
902 158 179
54 423 144
986 134 179
121 502 144
675 824 171
255 186 128
74 950 179
353 445 134
229 88 125
207 855 171
368 700 145
116 652 145
942 572 179
539 27 144
179 973 179
623 140 144
769 38 171
225 328 144
628 235 144
758 162 171
768 78 171
784 82 171
408 860 171
1000 838 179
663 838 171
552 910 179
267 554 144
651 801 171
952 671 179
877 574 179
451 972 179
992 484 179
237 569 144
272 730 171
600 655 145
617 286 144
663 271 145
475 204 144
363 684 145
622 404 142
357 399 121
673 496 145
32 619 144
848 712 153
214 36 125
747 11 171
606 47 144
939 628 179
745 469 171
176 318 131
483 139 144
884 244 179
159 682 145
625 404 142
371 576 142
599 532 137
519 168 144
694 755 171
321 372 144
672 57 145
193 578 144
115 233 128
168 802 171
190 272 128
656 598 145
45 207 125
690 337 145
854 190 171
100 522 144
221 320 131
607 516 137
650 631 145
50 472 144
923 451 179
247 689 145
999 472 179
624 888 179
831 821 135
292 828 171
396 845 171
385 305 144
549 636 137
911 899 117
980 804 179
876 338 179
189 420 144
574 180 144
157 280 128
391 977 179
271 832 171
794 733 153
525 91 144
166 744 171
807 963 179
538 838 171
193 55 125
277 366 144
571 667 145
948 796 179
500 677 145
925 377 179
908 744 179
741 844 153
243 511 144
844 103 171
882 462 179
906 334 179
805 128 171
291 916 179
859 870 148
191 514 144
72 326 131
83 645 144
803 835 135
476 680 145
80 609 144
746 461 171
456 872 179
463 139 144
652 969 179
301 12 128
35 93 116
816 100 171
494 893 179
948 340 179
897 481 179
563 542 137
816 355 171
37 212 125
16 103 119
991 495 179
117 210 125
664 267 145
824 596 171
598 65 144
770 26 171
540 456 142
249 21 128
855 971 179
791 673 171
467 231 144
287 350 144
302 254 123
597 385 142
138 896 179
747 467 171
35 127 119
185 866 171
970 459 179
590 51 144
415 663 145
468 579 142
881 227 179
403 946 179
976 331 179
514 243 144
479 232 144
188 582 144
568 782 171
338 219 144
196 989 179
764 778 153
46 628 144
824 984 179
696 79 145
330 335 113
161 922 179
288 853 171
481 231 144
729 839 153
550 530 137
834 966 179
453 162 144
450 363 134
562 410 142
715 184 171
408 599 142
599 801 171
97 330 144
764 76 171
624 25 144
82 514 144
306 870 171
163 169 112
254 783 171
110 604 144
860 912 179
85 750 171
879 408 179
520 481 142
658 132 145
875 940 174
396 342 126
723 125 171
734 70 171
452 643 142
325 542 144
117 922 179
740 32 171
30 683 145
876 598 179
911 449 179
729 238 171
300 156 128
349 305 144
719 324 171
407 94 144
50 348 144
46 654 145
949 895 174
707 748 140
328 690 145
195 552 144
766 687 171
795 107 171
41 134 122
426 93 144
309 99 128
402 853 171
493 684 145
134 637 144
894 890 73
335 707 171
899 416 179
601 421 142
830 640 171
870 131 171
362 549 142
562 170 144
116 602 144
877 664 179
243 366 144
207 697 145
20 123 119
577 389 142
766 773 122
66 20 113
796 331 171
930 645 179
209 145 125
992 169 179
645 825 171
861 763 153
696 105 145
78 652 145
920 740 179
53 216 125
998 692 179
269 656 145
218 791 171
611 662 145
846 550 171
273 31 128
228 594 144
153 632 144
879 425 179
864 741 153
7 426 144
264 603 144
975 114 179
770 289 171
238 162 128
474 1000 179
461 284 144
863 747 153
270 406 144
295 266 118
290 414 144
216 598 144
16 301 128
64 726 171
673 589 145
288 900 179
275 245 123
22 212 125
803 790 122
381 552 142
743 227 171
425 750 171
907 450 179
430 540 142
216 626 144
162 81 122
414 141 144
599 863 171
747 643 171
255 605 144
710 632 171
331 247 144
951 842 179
426 289 144
607 218 144
332 163 144
86 675 145
916 38 179
200 590 144
155 562 144
790 684 171
210 747 171
64 617 144
762 161 171
24 314 131
781 691 171
265 761 171
863 121 171
180 926 179
947 852 179
417 629 142
38 982 179
855 662 171
361 466 134
761 933 179
509 562 137
857 826 135
181 65 125
940 638 179
87 560 144
385 157 144
686 77 145
456 837 171
890 917 130
314 392 144
291 759 171
811 572 171
69 980 179
90 885 179
447 761 171
571 906 179
611 512 137
830 451 171
848 661 171
432 971 179
604 680 145
540 949 179
932 782 179
894 785 179
894 645 179
754 444 171
985 930 174
502 397 142
481 725 171
287 500 144
311 708 171
337 888 179
366 61 144
409 496 142
559 729 171
668 34 145
626 733 171
830 904 179
853 274 171
43 767 171
602 646 132
885 236 179
779 49 171
826 950 179
561 680 145
634 115 144
604 881 179
1 847 171
535 505 124
820 917 179
960 325 179
706 508 171
981 912 174
108 115 114
49 523 144
493 560 137
866 460 171
282 485 144
770 595 171
822 853 135
425 465 129
788 722 153
497 514 111
940 681 179
517 239 144
703 828 171
38 734 171
548 865 171
26 624 144
424 444 116
163 200 125
366 990 179
540 484 142
968 641 179
902 794 179
636 169 144
393 162 144
101 572 144
361 969 179
206 332 144
625 455 142
468 797 171
777 322 171
568 954 179
732 373 171
182 585 144
442 131 144
793 671 171
837 381 171
794 212 171
941 647 179
160 939 179
308 454 144
732 927 179
164 351 144
624 679 145
407 85 144
135 514 144
531 83 144
83 942 179
339 865 171
703 201 145
546 49 144
260 973 179
203 312 128
391 821 171
863 342 171
303 647 144
765 29 171
315 149 131
643 455 142
293 149 128
88 351 144
820 238 171
804 645 171
579 316 144
619 111 144
313 870 171
52 705 171
690 543 145
804 445 171
35 659 145
518 465 142
317 395 144
374 242 144
227 797 171
116 346 144
613 220 144
305 180 128
180 735 171
509 164 144
957 357 179
120 493 144
578 374 142
436 324 144
317 724 171
863 731 153
85 653 145
688 423 145
409 813 171
353 167 144
605 822 171
571 19 144
611 15 144
442 535 142
164 387 144
962 349 179
849 413 171
598 306 144
156 751 171
917 990 174
770 347 171
689 392 145
527 634 137
804 848 135
835 713 153
299 397 144
857 711 153
151 744 171
727 130 171
267 779 171
822 756 153
543 902 179
490 730 171
271 992 179
585 62 144
83 111 119
32 822 171
654 485 145
335 184 144
188 450 144
328 221 144
934 792 179
237 511 144
450 773 171
669 445 145
817 245 171
791 985 179
824 231 171
971 137 179
10 855 171
29 309 128
103 411 144
911 702 179
964 252 179
322 994 179
666 714 171
893 361 179
403 71 144
502 748 171
974 925 174
559 513 137
995 713 179
956 6 179
408 14 144
123 799 171
60 784 171
708 678 171
996 576 179
193 746 171
228 813 171
812 395 171
902 942 174
493 900 179
538 580 137
106 671 145
548 677 145
357 754 171
597 630 132
374 2 144
352 40 144
941 390 179
496 568 137
339 73 144
624 297 144
956 806 179
858 929 179
221 837 171
875 166 179
654 723 171
621 755 171
738 162 171
720 221 171
226 259 128
964 388 179
904 927 130
176 173 81
624 661 145
377 870 171
8 27 24
285 29 128
796 111 171
790 32 171
363 888 179
125 802 171
425 106 144
629 220 144
410 845 171
392 574 142
860 992 179
51 890 179
915 215 179
867 631 171
708 736 140
66 166 122
294 777 171
458 601 142
685 200 145
644 148 144
179 473 144
517 511 124
128 813 171
997 296 179
521 549 137
196 408 144
709 361 171
750 24 171
