1 1
1 10
10 1
999999 999999
250 250
32057 69396
13601 19823
70536 47266
38513 37412
77877 82984
48207 49965
30720 12732
4916 79980
73983 34293
73968 66290
28046 66901
87566 69549
13679 42527
45388 49877
51144 40378
23260 88657
66307 17267
93329 48050
52267 38135
44762 36515
6498 50448
63997 29401
65253 75081
53368 29332
60547 66317
69454 28148
34647 97737
3802 32176
38154 93475
30981 79910
60838 917
97089 38903
22899 80267
83379 63474
92052 30648
92213 76043
57670 26018
5407 30113
27170 61395
42290 7400
28614 54180
57577 13464
77366 98653
66330 20547
88880 68356
55640 45796
99008 77529
31060 45347
46068 34202
43037 36290
13558 86487
15183 99997
89102 43019
5142 62774
24379 16345
27734 31216
15313 565
39154 39124
90650 3382
87547 84210
48204 7906
71541 97066
36520 95141
41056 94091
16225 35077
17117 29473
29568 44648
50290 55389
51247 32588
5524 9257
78769 14516
47871 5213
41925 22192
81065 85356
2269 6580
41340 82416
37376 62189
42753 67983
49146 76399
83201 6165
47762 25945
34730 13309
46531 22023
54584 91130
84138 82351
21722 94256
76901 57850
22377 79644
96613 4822
16831 75753
92085 28615
70169 97050
59422 86267
94897 38158
89852 25011
21461 24148
63860 77404
99274 41516
17528 4141
11613 10432
15615 78010
41428 89445
42903 75843
37123 11763
69418 78240
74175 81572
38198 83989
77267 23921
71512 47906
88813 59698
96810 86520
63874 49958
3346 10018
24054 62405
4275 75140
91595 1440
88414 54700
15024 66772
45987 69602
44029 78411
6214 22125
59213 6473
62715 61325
30255 46993
12591 19114
54708 98630
31502 22995
94658 94314
87510 57232
73398 35498
36116 19983
51581 58374
79891 35953
10253 89283
97895 39499
18692 6147
47719 44160
46746 79488
1956 63675
61015 7717
97227 33419
66610 79171
69974 90339
40078 32954
21967 21315
72507 22556
71590 29639
1161 66000
31709 97553
25825 38296
82714 58427
93561 37479
12870 99568
31435 76169
35424 49438
16231 85510
54689 79276
50615 39610
58682 74499
75976 50944
34386 4858
88155 14031
23476 20444
46405 89082
68912 54959
86113 88800
58582 72998
94116 75721
35184 62484
639 20156
79539 49218
94783 35759
88851 63463
63392 90595
87444 4747
85517 84479
22827 80023
68202 98529
75675 30710
85071 84381
38341 4807
35553 10347
96928 988
95945 91817
82891 31900
59628 43374
5738 52940
79825 53880
29248 64319
25105 91547
58422 10698
53527 84283
76188 26602
64941 11990
40467 18112
45126 80978
39116 86159
16369 80016
77919 65107
97776 28507
769 19520
96934 2747
29057 95221
76158 5190
37227 53451
35881 79377
78441 90478
15164 4035
23540 48388
53296 7162
74204 98887
24065 65043
93790 26002
81813 24899
792 11975
62762 30282
14984 52573
47006 42441
58356 34699
21707 62557
80218 84503
2620 34263
91238 23666
93577 93716
28321 33816
65181 52493
96553 63794
16298 34907
45654 54709
25162 51285
64142 65069
71475 52447
35683 1085
5089 92295
54430 30611
26390 18045
9428 92964
46092 22425
78064 24942
48137 5420
31380 30390
93360 10305
60679 64110
89565 56103
91538 64086
67332 14802
74151 63497
3293 85041
42545 98548
48170 43417
82053 25583
66855 82158
45517 65207
45176 66088
81463 24198
41557 93637
68488 47609
49011 30820
57262 66079
58026 1927
83160 37197
90825 35413
45861 66688
404 13277
53440 29147
39755 81588
51336 70992
38330 41092
94013 64855
43067 52407
5784 83410
27222 67019
75549 92880
92704 84716
5942 20133
52355 75410
99504 20647
76511 75063
20239 25715
56347 84694
5962 23090
9110 6767
67162 23383
39524 21150
80753 16526
42988 39655
91710 22004
81185 84859
20035 68521
84276 39974
25146 72070
20409 36497
52627 50534
61297 69326
4521 50167
66936 99490
80703 79422
81552 89699
72529 21580
57960 18161
22448 29483
42729 70300
23666 51585
71531 74906
32514 91234
94823 55562
5185 63633
73434 51146
3424 42213
53967 94840
15398 6816
35575 30077
71000 30076
87870 27500
36769 46321
29142 70821
56530 22865
29218 13497
38222 22998
68960 80321
71742 24322
82064 42237
7191 12610
35649 51879
87077 21511
96418 723
35021 88509
73331 34489
2760 67525
8108 67567
55441 51597
59743 52330
76982 16941
71074 94639
11198 20289
60380 33652
78926 95449
60053 22327
11359 13444
84683 31348
89742 11018
36485 46793
36888 49384
10759 17784
82992 6478
46656 63432
49266 38828
17471 67227
1401 48942
90844 99306
75618 82946
14201 29489
67015 88542
71552 42132
82799 58496
23163 66180
18927 36648
97463 25817
1043 32484
68390 52105
40159 91730
66084 80808
90744 41874
64238 85772
48830 36403
53965 86416
78464 52370
21391 73461
79606 99230
26184 80152
56629 9072
23163 25758
22699 68415
32044 54761
81096 41299
5636 99599
27825 36778
99997 20834
97358 95553
49874 48826
69029 46966
34343 8562
22718 68212
46764 24439
24849 68498
7616 35256
75024 53348
44498 86570
82847 25768
11074 67333
64255 8682
32029 59964
58263 13422
48030 25284
39708 82133
62414 52322
11371 31401
45492 76800
32762 74916
17005 56278
94610 20419
40752 28853
11807 80083
37705 93255
90252 14669
48354 500
79681 47326
9623 28762
85372 64826
14286 16140
7755 48761
36541 21227
34880 26216
35603 60874
82608 66873
31215 32808
29988 54970
85228 28937
44640 88843
5806 44888
88208 58395
29119 43022
78400 98457
79976 53062
2896 91235
94451 99736
49098 27895
59279 91322
11327 34938
83008 60224
37664 52083
31273 92907
19458 74715
48259 76544
49457 24169
1549 71750
19441 80018
59962 74123
7553 27937
47923 66758
13283 4468
31181 70699
45307 32380
79994 49295
17846 73489
98526 27508
89445 80375
91882 68548
74 43147
94676 60733
35323 81592
91623 2647
35931 26387
54244 36378
12928 35524
5182 1622
954 59417
15803 5469
64839 41844
53019 20881
33590 95754
39029 67577
51837 48511
26648 78330
19604 52567
59366 755
19242 62973
88283 10865
73352 59824
84296 28623
17054 30854
7564 21931
46573 44602
32375 32262
11463 6682
35232 91236
55395 97726
49742 19450
72646 68736
21626 86332
16256 4525
32580 45735
20218 17928
40749 41163
79621 5666
5748 44941
4078 90645
37760 40475
23307 10549
91089 18957
33573 55322
68830 26649
31367 50672
23549 68816
79109 93692
40013 45251
30780 77734
80681 53786
66508 25848
92764 88514
24897 58355
48197 57654
10541 27415
20520 85912
27772 89611
18630 55210
1144 33188
53056 73456
44116 62893
35883 67958
85876 78538
74342 23914
30058 53817
49978 10720
94326 62903
37957 20462
70277 77961
1172 57143
42013 87039
65324 48539
22395 21599
38065 19451
77286 10766
46981 49525
6677 1083
70903 33941
69608 22272
14224 71067
75947 66239
33437 86310
60079 72654
70501 31522
18672 45706
35911 20005
43797 11086
42937 88679
91510 98287
44417 66529
10477 54842
77505 54711
24114 87044
81417 48180
63480 16294
1109 5333
7354 74041
4446 76389
79073 19935
46855 62131
16021 18995
15464 10902
32573 53630
90976 62010
23466 70035
15413 21140
97973 9695
11770 25034
76304 83203
85114 82275
90052 29151
88996 28338
71459 81334
83177 42914
57631 38851
29224 46110
64732 30179
17316 81780
88708 39978
97677 60226
94396 5133
80505 54160
65881 4102
62879 33344
27490 44960
67893 32608
51774 30595
84916 49894
63338 55363
75912 57095
81046 97773
97288 23762
32261 95800
53111 72656
93752 20185
24503 19426
21448 48557
92856 52513
59449 85209
96701 42496
89435 50460
55552 2211
43256 85685
99527 67793
32067 85248
84100 19266
45118 36823
53934 89129
36725 19834
15839 15730
44001 56360
63926 74222
61758 27922
42916 68364
87080 13834
12770 84791
63442 77956
2082 94283
98449 36125
35465 81395
74503 78866
31139 65237
9872 17756
13422 70407
94778 22721
88852 79141
90155 54081
85201 94146
76329 96277
71809 33802
78463 25417
75183 7721
34181 95781
36623 97849
37468 74733
6679 15572
99313 54775
61080 56178
99491 40138
11219 60420
6500 99822
48478 98920
79876 17196
60458 50839
13466 94485
44831 96300
72777 26980
81936 48580
16321 93860
78039 17049
92911 8467
47323 74758
17988 86914
82206 92857
87162 83620
36600 57369
61806 69145
26752 42680
6667 58335
9366 18029
98674 45164
73076 34187
29704 8538
24523 74265
48368 84780
21984 55724
68567 40525
28845 90850
13286 40148
36432 66308
92836 52717
77730 69836
10557 25212
33083 70392
59929 82415
81735 99689
33950 9522
16631 52533
84593 63311
33665 73704
60971 41510
34132 48628
18703 99865
98458 91342
15917 28174
91589 87337
63515 63618
6435 66405
62399 90301
41195 78157
63100 74531
80861 8242
39221 75061
15146 65536
27023 14429
23928 13964
23626 23595
3697 95265
44527 3549
76043 99829
63991 996
12811 48176
53286 38755
69510 77106
76265 47440
14322 38447
42747 29201
11339 47794
97158 53330
70895 79253
34574 19016
1741 86691
54937 15008
76942 62841
28751 45432
90455 77016
59215 21830
71715 19280
75529 58142
25035 29371
42885 4767
84240 39320
14178 51353
83779 49762
85228 70509
73729 99704
26186 17236
15662 98320
72820 31553
13499 28643
60399 60743
89800 76988
96225 52528
3467 60884
89438 87238
29574 4138
13788 33616
76433 93299
75918 83492
98441 88262
9386 76133
9003 28032
64134 86394
19513 22946
18905 42926
64664 7443
92426 26571
75322 22779
76825 95054
92580 92362
57762 40210
85885 16888
40737 13052
49811 47586
76535 18198
42721 73791
47828 52126
62320 3552
21493 29207
92356 27814
72391 27918
21617 25376
75859 95151
82620 2475
60423 84095
41046 55385
85674 62751
8440 26724
55327 67967
67990 52960
68490 55317
942 31531
96067 76835
50804 54860
54714 19159
492 97862
40026 46657
38435 54041
50454 7393
77057 16370
66304 39734
51248 21438
62310 88620
39311 64846
85671 95011
39462 56044
58370 95091
75927 32103
66913 69962
21297 46472
34479 52205
34910 9326
75634 60002
4735 6799
91366 9242
70731 26659
1491 68132
20717 60148
11826 39341
40319 54460
86811 36739
64163 35290
945 72149
37961 59785
88507 58401
16970 83394
69930 43065
51400 78410
41535 25083
35498 28897
71145 73942
55379 42082
72924 9354
42191 60129
40403 94535
97146 3059
86808 11228
11688 17214
1553 52118
70126 72979
80891 81795
87186 88193
45684 31445
99107 77629
69218 68711
64984 1735
78317 70141
32632 25191
18009 4589
1582 2637
68925 3128
37382 5268
73315 57818
98258 77690
1105 25794
51383 5639
5335 43524
71084 68228
13372 64857
60752 65270
24273 18539
67767 70676
65480 88284
24668 68450
21453 27744
55739 91328
7793 69225
67338 87785
48335 23148
58653 86677
60091 9106
84575 23182
75929 96670
22165 85267
89560 93495
78309 96518
84555 4681
2030 67102
20355 13977
84325 37758
48532 10359
6604 18555
15901 72248
56004 96389
7984 94602
91390 36799
69115 73301
67213 54229
57866 99018
68680 38749
38800 91513
5576 59628
13396 90546
90979 30420
12733 62968
94597 8401
55630 78253
41555 59082
20864 57977
76461 66046
59374 71567
22778 58806
64476 3487
30235 42201
5783 79563
9159 42380
2707 42075
40400 98013
52200 8081
22995 22805
12016 71478
93995 79534
58418 63413
76791 63865
23210 31431
82230 72186
55957 9497
56564 13805
1465 10672
23085 62127
61574 20433
724 45100
41841 98584
15472 12760
84905 60844
31625 55153
62496 91098
43793 5209
48293 1950
68802 15231
87883 83411
29220 78959
91611 24196
72113 40260
80089 35108
70499 14929
12981 17891
36058 97218
8339 14527
62515 81938
71912 32195
79872 46055
85947 849
23954 75101
12286 97815
79224 6428
94935 39273
24891 75743
64546 37300
34842 92980
98160 97830
10980 25778
27497 33230
74238 80976
53006 83912
43108 96566
89849 94223
56557 61898
93580 59775
91301 49973
61249 59330
62161 66844
73026 72220
27142 95124
98383 79841
79185 81623
31187 23473
10081 14356
76436 39103
92548 92258
49016 74797
69474 2208
36866 9770
22288 53831
11350 87548
82667 44431
40933 13648
73861 75366
44772 26454
56685 77839
64348 39021
55078 98505
37208 22208
35470 59283
52989 90285
42262 43214
93419 74101
81390 49693
77024 24129
20377 60096
53997 5999
43853 43404
25853 24008
65890 16370
16404 61498
87795 72489
79440 26809
40179 31376
54814 98341
90634 78444
10971 91520
15839 47571
5682 66336
68060 14692
19675 2091
30197 24426
24854 77900
69484 84574
85096 36844
70724 47244
1742 5253
6514 60050
38181 66403
8213 12637
17163 89086
4769 59968
61135 9251
32270 4527
67689 57188
3915 90314
83460 31713
17153 85024
43064 19813
12424 37747
91080 62701
26214 13987
21546 57687